image_width: 320
image_height: 240
camera_name: tello_camera_down
camera_matrix:
  rows: 3
  cols: 3
  data: [232.08608036, 0.000000, 152.2358733, 0.000000, 232.64995134, 124.98737218, 0.000000, 0.000000, 1.000000]
distortion_model: plumb_bob
distortion_coefficients:
  rows: 1
  cols: 5
  data: [5.26408126e-01, -1.52051597e+00, 1.20937906e-02, -1.34771857e-03, 1.29077550e+00]
rectification_matrix:
  rows: 3
  cols: 3
  data: [1.000000, 0.000000, 0.000000, 0.000000, 1.000000, 0.000000, 0.000000, 0.000000, 1.000000]
projection_matrix:
  rows: 3
  cols: 4
  data: [925.811035, 0.000000, 454.815025, 0.000000, 0.000000, 927.915833, 352.139027, 0.000000, 0.000000, 0.000000, 1.000000, 0.000000]